# HERFD scan on Pt_foil_HERFD
# ----------------------------------
# energy time ring_current i0 it ifl ir roi1 roi2 roi3 roi4 tif
     11490.000   15  85.7569806927  11804141  1460995   181249  3335659       27       26       17       27       1
     11500.000   15  85.7500492127  11663748  1446554   181264  3301222       16       23       13       23       2
     11510.000   15  85.7442762927  11477192  1423584   181283  3246056       28       18       21       25       3
     11520.000   15  85.7387710527  11354098  1404056   181302  3199478       29       23       29       20       4
     11530.000   15  85.7335272927  11231921  1375286   181313  3130069       17       36       30       20       5
     11540.000   15  85.7266070527  11050802  1315001   181353  2982678       36       27       33       47       6
     11547.000   15  85.7211606927  10966014  1238425   181377  2794412       63       60       84       90       7
     11549.000   15  85.7149490127  10946895  1204347   181387  2710506       59       93      101      126       8
     11551.000   15  85.7094269727  10937427  1159056   181402  2598872      116      129      174      231       9
     11553.000   15  85.7028606527  10938882  1095599   181413  2442306      143      231      366      512      10
     11555.000   15  85.6964639727  10918146  1001706   181444  2210377      245      438      894     1789      11
     11557.000   15  85.6909566527  10915275   864057   181474  1870164      506     1120     3268     9122      12
     11558.000   15  85.6848508127  10915906   776685   181502  1654182      810     1998     7311    15724      13
     11559.000   15  85.6793827327  10921085   672375   181536  1396145     1327     4303    15138    21170      14
     11560.000   15  85.6728563727  10913847   549405   181567  1091893     2426    10207    25602    22413      15
     11561.000   15  85.6674191327  10915337   415692   181598   760917     5151    23970    34845    21383      16
     11562.000   15  85.6610680127  10907635   297160   181633   467410    12629    44422    36764    18258      17
     11563.000   15  85.6554934127  10910802   229035   181648   298693    27695    56809    32119    16152      18
     11564.000   15  85.6500954127  10898329   200612   181661   228295    45688    55465    26902    14347      19
     11565.000   15  85.6437694927  10905429   194404   181660   212945    55376    46985    23229    13373      20
     11566.000   15  85.6384184927  10879074   197146   181667   219740    52867    38201    20791    12455      21
     11567.000   15  85.6317042927  10888634   204123   181662   237037    44756    33820    19780    11960      22
     11568.000   15  85.6267751727  10876778   211661   181661   255722    37512    31399    19264    11788      23
     11569.000   15  85.6203946127  10885621   218559   181667   272850    33429    30876    18717    11566      24
     11570.000   15  85.6156028527  10873128   224072   181657   286546    31526    30041    18501    11746      25
     11571.000   15  85.6098264127  10870800   228806   181655   298291    30455    28885    18303    12072      26
     11572.000   15  85.6027519727  10870858   233293   181652   309432    30455    28885    18303    12072      27
     11573.000   15  85.5958212127  10854056   236201   181650   316620    28198    27776    18874    12740      28
     11574.000   15  85.5915060527  10844392   237043   181659   318716    27304    28373    19623    12799      29
     11575.000   15  85.5862356527  10839012   235840   181653   315732    27095    29246    20164    12981      30
     11576.000   15  85.5785570527  10826566   233196   181657   309179    27499    30689    21031    12810      31
     11577.000   15  85.5742720527  10822989   230196   181662   301749    28769    31814    20847    12652      32
     11578.000   15  85.5666944127  10805442   227331   181658   294652    30000    32487    20533    12216      33
     11579.000   15  85.5604350527  10777731   226028   181668   291399    30963    32309    19518    11767      34
     11580.000   15  85.5552922127  10778318   226753   181668   293221    31085    30980    18843    11790      35
     11581.000   15  85.5506224127  10755452   229009   181672   298813    30788    29486    18709    11730      36
     11582.000   15  85.5441633327  10747691   232269   181673   306952    29737    28662    18574    11703      37
     11583.000   15  85.5389398527  10741549   234499   181669   312473    28201    28236    18960    11793      38
     11584.000   15  85.5328837727  10730587   235527   181671   315043    28201    28236    18960    12571      39
     11585.000   15  85.5260076927  10730718   235736   181671   315549    27438    29079    19326    12625      40
     11586.500   15  85.5207330527  10714646   235239   181670   314312    27604    28987    20054    13542      41
     11588.000   15  85.5150792527  10699842   233165   181666   309198    27314    30004    21256    13935      42
     11589.500   15  85.5109505327  10679902   228670   181666   298071    28041    31861    22231    14102      43
     11591.000   15  85.5033637727  10663233   223601   181671   285481    29582    33839    22681    13581      44
     11592.500   15  85.4978599327  10633092   220428   181675   277615    31360    34196    21579    13131      45
     11594.000   15  85.4915760927  10489626   220671   181698   278206    32150    32544    20346    12506      46
     11595.500   15  85.4856924127  10571225   224789   181700   288441    31247    30978    20143    12423      47
     11597.000   15  85.4806406527  10625717   229994   181689   301364    29586    30097    19964    12611      48
     11598.500   15  85.4742818127  10617885   234301   181699   312089    28500    29478    19899    12400      49
     11600.000   15  85.4670566927  10603252   236902   181688   318558    27648    29878    19595    12248      50
     11601.500   15  85.4609942927  10590977   238408   181690   322314    27585    29775    19116    12137      51
     11603.000   15  85.4553362927  10584037   239883   181692   325971    27620    29389    19412    12017      52
     11604.500   15  85.4491708527  10580486   241515   181692   330035    27549    28330    19041    12360      53
     11606.000   15  85.4424776927  10583419   242476   181694   332423    26392    28670    19164    12512      54
     11607.500   15  85.4378478527  10571843   241852   181696   330910    26243    28244    19455    12562      55
     11609.000   15  85.4316172527  10569252   239728   181701   325661    26337    29006    19815    12816      56
     11610.500   15  85.4252899327  10563251   236744   181706   318253    26928    29332    20332    13131      57
     11612.000   15  85.4199655327  10556172   233741   181707   310796    27355    30436    20962    13402      58
     11613.500   15  85.4149971727  10549673   230708   181715   303273    27761    30824    20891    13672      59
     11615.000   15  85.4091758927  10538340   227994   181718   296528    28119    31219    21765    13559      60
     11617.000   10  85.4042425727  7014553   150061   121147   192884    18654    21187    14233     8960      61
     11620.000   10  85.3992791327  7006753   149326   121143   191063    19381    21037    13919     8854      62
     11623.000   10  85.3952400927  6991926   150382   121146   193698    19053    20440    13843     8730      63
     11626.000   10  85.3917056927  6978469   151595   121144   196721    18590    20311    13544     8597      64
     11629.000   10  85.3876533327  6967229   152738   121150   199581    18393    19996    13526     8574      65
     11632.000   10  85.3827151327  6960859   153618   121150   201795    18115    20341    13707     8439      66
     11635.000   10  85.3771678527  6952714   154859   121149   204895    18452    20169    13488     8242      67
     11638.000   10  85.3736824927  6943007   156895   121151   209977    18054    19549    13261     8380      68
     11641.000   10  85.3710760127  6937177   159048   121151   215361    17779    19308    12897     8362      69
     11644.000   10  85.3659317327  6931929   160570   121154   219164    17355    18876    12935     8264      70
     11647.000   10  85.3610657327  6927995   161337   121149   221079    17358    18905    12939     8301      71
     11650.000   10  85.3563573727  6923630   161316   121153   221063    17272    19251    13166     8579      72
     11653.000   10  85.3540046127  6925914   160244   121152   218404    17392    19487    13296     8567      73
     11656.000   10  85.3486942127  6935692   158547   121154   214188    17499    20071    13586     8632      74
     11659.000   10  85.3450133327  6932870   157167   121153   210770    17923    20277    13815     8682      75
     11662.000   10  85.3407002927  6902132   156413   121158   208897    17964    20127    13488     8762      76
     11665.000   10  85.3352125727  6892799   156514   121158   209180    17980    19664    13571     8447      77
     11668.000   10  85.3331093327  6914994   157151   121157   210787    17975    19931    13502     8619      78
     11671.000   10  85.3270931727  6907806   157643   121157   212008    17861    20008    13637     8676      79
     11674.000   10  85.3238860527  6909375   158236   121153   213511    17879    19975    13444     8574      80
     11677.000   10  85.3195568927  6915581   158650   121154   214567    17784    19698    13463     8661      81
     11680.000   10  85.3156278927  6916388   158611   121154   214482    17654    19827    13805     8741      82
     11683.000   10  85.3121439327  6926609   158235   121155   213558    17810    19876    13972     8724      83
     11686.000   10  85.3076423727  6931874   157791   121151   212456    18008    20224    13878     8871      84
     11689.000   10  85.3028442927  6930008   157635   121155   212079    18012    19927    13888     8679      85
     11692.000   10  85.2989517727  6937641   158105   121153   213292    18137    20157    13721     8783      86
     11695.000   10  85.2953010127  6946309   159204   121150   216024    18250    20196    13790     8920      87
     11698.000   10  85.2902310127  6949983   160669   121150   219696    17684    19928    13280     8525      88
     11705.000   10  85.2859894527  6960327   164069   121150   228241    17414    19428    13257     8566      89
     11715.000   10  85.2816637727  6942436   162679   121158   224825    17471    19826    13586     8609      90
     11725.000   10  85.2775245327  6951604   160188   121151   218660    17730    20033    13874     9115      91
     11735.000   10  85.2732450927  6951617   159370   121151   216680    18058    20483    14076     8896      92
     11745.000   10  85.2702699727  6943058   159588   121153   217271    17852    20489    14231     9059      93
     11755.000   10  85.2645180527  6909880   158132   121155   213690    17944    20761    14378     9084      94
     11765.000   10  85.2605140927  6899942   161672   121155   222601    17523    20761    14378     9084      95
     11775.000   10  85.2558526927  6879405   163684   121157   227682    17306    19900    13859     8864      96
     11785.000   10  85.2519860927  6849747   163809   121160   228068    17308    19942    14019     8851      97
     11795.000   10  85.2473092927  6791318   162738   121167   225437    17308    19942    14019     8851      98
     11805.000   10  85.2436122527  6751970   159853   121173   218235    17294    20227    14023     8947      99
