# HERFD scan on Aufoil1
# ----------------------------------
# energy time ring_current i0 it ifl ir roi1 roi2 roi3 roi4 tif
     11850.000   20  98.6063252127  1387833   721744   466592  1420285       18       49       16       51       1
     11860.000   20  98.5954416527  1372787   715385   473045  1404234       26       40       19       69       2
     11870.000   20  98.5859850127  1370129   714683   480828  1402733       32       38       19       62       3
     11880.000   20  98.5769194527  1361045   709604   495749  1390717       29       36        9       69       4
     11890.000   20  98.5671187327  1350503   701908   523070  1372320       37       48       13       84       5
     11900.000   20  98.5566836927  1333190   686543   579194  1335132       65       65       32      143       6
     11902.000   20  98.5466958127  1330881   683033   598368  1326645       63       66       39      180       7
     11904.000   20  98.5374304927  1327396   678195   622700  1314856       78       69       41      234       8
     11906.000   20  98.5288653727  1307427   664135   645568  1280509       86       81       55      332       9
     11908.000   20  98.5198874127  1319646   664627   697214  1281908      124       95       61      522      10
     11910.000   20  98.5096577327  1316341   655157   759372  1258755      172      150       95     1131      11
     11912.000   20  98.5013862527  1302936   636827   843597  1213899      287      183      222     4069      12
     11913.000   20  98.4919604527  1313506   633183   919512  1205098      373      232      314     8922      13
     11914.000   20  98.4821975327  1313737   622754  1003609  1179578      589      284      531    16811      14
     11915.000   20  98.4719216127  1314028   609227  1111510  1146459      589      411      814    27519      15
     11916.000   20  98.4630452927  1313371   590807  1255391  1101333     1587      537     1681    37519      16
     11917.000   20  98.4531674527  1311673   565596  1451622  1039522     2995      762     3827    45451      17
     11918.000   20  98.4431480127  1310676   532158  1724250   957479     2995      762     3827    45451      18
     11919.000   20  98.4343775327  1309420   493354  2051342   862277    15329     1824    17381    51466      19
     11920.000   20  98.4253007327  1307989   453937  2398667   765522    30465     2731    26812    50885      20
     11921.000   20  98.4156205327  1307144   423687  2678972   691254    47546     3729    32708    49368      21
     11922.000   20  98.4060973327  1305455   405306  2850963   646148    58552     4756    33726    47107      22
     11923.000   20  98.3975412927  1302207   394960  2938305   620782    62809     5729    33749    45908      23
     11924.000   20  98.3871644527  1298723   389990  2970399   608645    62902     7069    31967    45484      24
     11925.000   20  98.3789392127  1302532   390137  2988893   609066    60789     8828    29992    46612      25
     11926.000   20  98.3688805327  1301636   390257  2984027   609409    56933    10751    28339    48234      26
     11927.000   20  98.3588050527  1299696   389461  2983738   607485    54240    12568    27702    49140      27
     11928.000   20  98.3494752527  1298318   387385  2999494   602391    52759    13790    28049    50209      28
     11929.000   20  98.3392848527  1296784   384049  3027459   594196    53372    14928    28653    50813      29
     11930.000   20  98.3302886527  1294747   379735  3064441   583605    54719    14928    28653    50813      30
     11931.000   20  98.3203000927  1293471   375679  3102072   573660    57211    15069    30379    50472      31
     11932.000   20  98.3113726127  1291632   372033  3132780   564720    58657    14657    31557    50302      32
     11933.000   20  98.3023526127  1290208   369322  3154697   558064    59932    14475    31420    50304      33
     11934.000   20  98.2934811727  1288377   367540  3164770   553713    59932    13904    30978    50146      34
     11935.000   20  98.2837392927  1286341   366437  3166506   550996    59689    14163    30472    50290      35
     11936.000   20  98.2749919327  1285438   365737  3169313   549300    58645    14437    30188    50301      36
     11937.000   20  98.2657357327  1283195   364441  3172523   546138    57774    14260    29899    49974      37
     11938.000   20  98.2560471327  1281282   362746  3181684   541984    58060    14582    30437    51401      38
     11939.000   20  98.2460389327  1279573   361123  3190665   538008    58935    14602    30663    54012      39
     11940.000   20  98.2369151727  1278142   359762  3197953   534710    58222    14736    29833    57327      40
     11941.000   20  98.2272237727  1276454   357974  3210019   530300    57551    14574    28983    59563      41
     11942.000   20  98.2176564127  1275063   354861  3239278   522628    57080    14549    29746    60998      42
     11943.000   20  98.2086875727  1274257   350253  3289893   511268    58828    14401    31425    61270      43
     11944.000   20  98.2002359727  1271858   344456  3347299   496993    62726    14457    34137    59696      44
     11945.000   20  98.1901106927  1270614   339191  3404620   484016    67699    14186    36164    57521      45
     11946.500   20  98.1812792527  1269495   335265  3446649   474343    72181    14564    37782    53412      46
     11948.000   20  98.1703704527  1267293   337078  3413057   478857    70760    14853    35197    52385      47
     11949.500   20  98.1606159327  1264958   341697  3345042   490287    65058    15055    32158    52198      48
     11951.000   20  98.1518685727  1263183   345901  3287268   500680    60733    15711    30302    52367      49
     11952.500   20  98.1421680527  1261014   347639  3257288   504985    58886    15926    30428    51903      50
     11954.000   20  98.1330471327  1259325   347990  3245653   505874    60157    16097    30852    51600      51
     11955.500   20  98.1243768527  1257194   348488  3230361   507144    60589    15650    30672    51207      52
     11957.000   20  98.1136362527  1255702   349565  3211487   509800    59091    15116    29929    51869      53
     11958.500   20  98.1045517727  1254068   349928  3200239   510719    57541    14504    29428    53251      54
     11960.000   20  98.0945743727  1252131   348746  3205074   507808    57778    14292    29543    53845      55
     11961.500   20  98.0857604527  1250633   346318  3227790   501856    58356    14106    30134    55539      56
     11963.000   20  98.0768357727  1249370   343261  3258675   494333    60270    14004    30928    56953      57
     11964.500   20  98.0666866927  1247768   340060  3289993   486440    61831    13589    31875    57977      58
     11967.000   20  98.0567730927  1244377   335400  3331039   474942    63982    13912    33016    57596      59
     11970.000   20  98.0470851727  1239300   332916  3334542   468857    65364    14316    33486    55507      60
     11973.000   20  98.0375836927  1235979   334918  3293753   473848    62879    14715    32004    54247      61
     11976.000   20  98.0290472927  1232481   337198  3249047   479527    62879    15094    30928    53114      62
     11979.000   20  98.0190636127  1228908   338723  3214056   483319    60230    14657    30601    53015      63
     11982.000   20  98.0088843727  1226261   339751  3190201   485930    59520    14017    30104    52664      64
     11985.000   20  98.0001208927  1224162   340893  3167562   488778    59354    13990    30104    51343      65
     11988.000   20  97.9898190127  1221120   342694  3132446   493271    57825    13683    28916    50913      66
     11991.000   20  97.9823121727  1218095   343837  3105932   496144    57327    13753    28723    51088      67
     11994.000   20  97.9717005327  1214997   343434  3097804   495178    56748    13527    28505    50961      68
     11997.000   20  97.9618233727  1212627   342279  3102457   492362    57153    13259    28926    51873      69
     12000.000   20  97.9527865727  1209648   340149  3114608   487108    57679    12962    29364    52820      70
     12003.000   20  97.9430061327  1197874   336241  3101659   477486    57882    13081    29215    52430      71
     12006.000   20  97.9341284127  1208617   336052  3162156   477058    59667    13261    30231    53672      72
     12009.000   20  97.9248427727  1207596   335443  3166508   475590    59797    13647    30100    52698      73
     12012.000   20  97.9159012927  1206252   335873  3156240   476678    59401    13644    29580    52232      74
     12015.000   20  97.9056730127  1204703   336659  3141808   478672    58742    13664    29540    51894      75
     12018.000   20  97.8979446927  1203211   337285  3129595   480247    58241    13652    29377    52334      76
     12021.000   20  97.8872335327  1197552   337028  3106150   479646    57757    13521    29230    51519      77
     12024.000   20  97.8786136927  1201341   337785  3121551   481563    57743    13601    29103    52091      78
     12027.000   20  97.8680980927  1199801   337550  3118711   481022    58109    13540    29075    51936      79
     12030.000   20  97.8583891327  1199154   337590  3118028   481157    58464    13283    28997    52000      80
     12033.000   20  97.8491329327  1197244   337702  3109437   481479    57932    13186    28967    51288      81
     12036.000   20  97.8383138527  1194830   338186  3094804   482723    57176    13433    28871    51128      82
     12039.000   20  97.8296618127  1189984   338514  3069101   483568    57054    13417    28440    50464      83
     12042.000   20  97.8202058527  1174740   337371  3007286   480763    55375    12898    27724    49315      84
     12045.000   20  97.8102740527  1082864   325394  2687080   451032    48311    11487    24229    43796      85
     12048.000   20  97.8005636927  1197100   341581  3074030   491314    56190    13386    28223    50864      86
     12051.000   20  97.7912248127  1199132   342047  3087882   492499    56570    13051    28586    51753      87
     12054.000   20  97.7810827327  1196177   341288  3086418   490654    56529    12944    28813    51815      88
     12057.000   20  97.7705860527  1190610   340028  3076406   487565    56567    12837    28772    51554      89
     12060.000   20  97.7625556527  1191454   339638  3088467   486627    56590    12942    28487    51935      90
     12063.000   20  97.7514372927  1186230   338494  3077762   483820    56831    12790    28807    51462      91
     12066.000   20  97.7426429727  1184136   337918  3076407   482426    57180    12949    28440    52180      92
     12069.000   20  97.7326067327  1187974   338240  3095531   483273    57157    12844    28969    52521      93
     12072.000   20  97.7240002527  1186895   337986  3096155   482662    57195    13012    28794    53180      94
     12075.000   20  97.7136773327  1184997   337699  3092626   482011    57468    12822    28714    52831      95
     12078.000   20  97.7051086927  1183838   337653  3090447   481920    57606    12949    29083    52303      96
     12081.000   20  97.6955224127  1176739   336818  3065499   479874    56728    12804    28028    52557      97
     12093.000   20  97.6848827327  1182827   337581  3101310   481913    57648    12791    28863    53640      98
     12103.000   20  97.6755319327  1181374   339416  3081412   486597    56887    12701    28557    52728      99
     12113.000   20  97.6663549327  1175893   340408  3050457   489189    55835    12933    28140    52868     100
     12123.000   20  97.6575017327  1173559   340458  3047622   489435    56383    12453    28101    52178     101
     12133.000   20  97.6471634127  1171339   339429  3058416   486984    55946    12905    28513    52733     102
     12143.000   20  97.6371320927  1168558   337432  3078598   482160    56933    12659    28628    53327     103
     12153.000   20  97.6273166127  1162339   336284  3071197   479426    56601    12703    28588    53431     104
     12163.000   20  97.6178004127  1152679   336912  3024776   481091    55751    12426    27922    52069     105
     12173.000   20  97.6082940127  1142478   338044  2970858   484022    54237    12156    27281    50937     106
     12183.000   20  97.5995116127  1130763   337015  2935378   481575    53944    11802    26540    50713     107
     12193.000   20  97.5881374527  1119302   335520  2903375   477955    52661    11814    26585    49619     108
     12203.000   20  97.5789737727  1105523   333943  2859633   474118    51985    11589    26043    49866     109
     12213.000   20  97.5702326927  1090879   331145  2826911   467263    51985    11288    25497    49054     110
     12223.000   20  97.5605356527  1075256   328412  2784307   460556    50324    11300    25317    48766     111
     12233.000   20  97.5507713727  1061066   327185  2734280   457597    49577    11014    25055    47564     112
     12243.000   20  97.5404968127  1051109   327357  2689069   458135    48555    11014    24358    46895     113
